name = EPIC-206155547_01
ra = 333.60833
dec = -10.65278
photfile = lc_EPIC-206155547_01.csv
rprs = 0.1426930
period = 24.3872409
[constraints]
secthresh = 0.0003200
maxrad = 4.00
vcc = 10,5
ccfiles = 20150831_K.cc,Palomar5mPHARO_K.cc,
