name = EPIC-206432863_01
ra = 337.10417
dec = -6.08667
photfile = lc_EPIC-206432863_01.csv
rprs = 0.0792910
period = 23.9725619
[constraints]
secthresh = 0.0001627
maxrad = 4.00
vcc = 10,5
ccfiles = 20150806_J.cc,20150806_K.cc,Keck210mNIRC2_J.cc,Keck210mNIRC2_K.cc,
