J = 10.523, 0.02
H = 10.211, 0.02
K = 10.152, 0.02
Kepler = 11.664
Teff = 5642, 50.0
feh = -0.27, 0.08
logg = 4.443, 0.028
maxAV = 0.187
g = 12.0428791, 0.05
r = 11.5968652, 0.05
i = 11.4300704, 0.05
z = 11.393061, 0.05
