name = EPIC-202900527_01
ra = 246.81250
dec = -27.95694
photfile = lc_EPIC-202900527_01.csv
rprs = 0.0852612
period = 13.0106025
[constraints]
secthresh = 0.0013228
maxrad = 4.00
